This is a list of patient_id values and birth_years that 
can be used to view case reports, if more examples are
desired.
 

          patient_id admit_year         age  birth_year
889               64       2005   26.682015        1979
4921              85       2008   76.849826        1932
10487             61       2002   55.206571        1947
10914             62       2002   68.773616        1934
18234            191       2011   73.158995        1938
19858            145       2005   55.879996        1950
20818            105       2010   35.342886        1975
21438            394       2009   78.988322        1931
21942            394       2009   79.801244        1930
23022            353       2006   61.678743        1945
25682            353       2006   62.191266        1944
26528            366       2007   52.496296        1955
28208            329       2006   51.970176        1955
33308            689       2009   54.261505        1955
35324            395       2003   74.672780        1929
39788            402       2006   51.130021        1955
43836            402       2006   49.654917        1957
52362            406       2003   68.113641        1935
53132            406       2002   61.569979        1941
77408            801       2011   46.338658        1965
84008            720       2007   51.693550        1956
90404            690       2010   78.385951        1932
92292            618       2002   78.303194        1924
92553            788       2011   71.491961        1940
94625            945       2006   61.372182        1945
96011           1010       2009   67.618929        1942
121619           899       2006   71.612299        1935
122087          1234       2009   83.385966        1926
122815          1571       2002   67.179236        1935
123445          1568       2010   20.848183        1990
123841          1351       2010   75.206376        1935
125585          1541       2001   82.021389        1919
126641          1594       2002   58.850859        1944
130561          2759       2010   82.350826        1928
133249          2984       2010   59.505790        1951
134445          3013       2008   66.148238        1942
140829          3267       2010   53.122867        1957
143601          3133       2008   43.241819        1965
145707          3092       2011   73.085659        1938
148907          3386       2004   64.959441        1940
153011          3100       2002   54.073283        1948
158407          3210       2011   60.329105        1951
160551          3151       2011   51.105433        1960
161783          3178       2007   79.793576        1928
171296          3180       2001   59.857688        1942
177186          2690       2005   47.066496        1958
185934          2704       2002   25.840335        1977
189924          2630       2001   52.409477        1949
191148          2791       2003   79.464099        1924
194640          3372       2004   75.748781        1929
196290          1790       2008   85.203330        1923
204120          1886       2009   53.245367        1956
206640          2809       2004   85.241347        1919
206981          2809       2004   83.776806        1921
229857          2743       2003   55.845827        1948
234007          2119       2006   57.647114        1949
237975          2124       2005   79.706647        1926
239947          2136       2008   67.738264        1941
244197          2144       2010   78.460381        1932
257769          2061       2001   83.614697        1918
266841          2425       2002   67.455510        1935
268857          2586       2001   51.704022        1950
279387          2589       2010   66.599632        1944
283131          2589       2010   66.332936        1944
287406          2589       2010   66.476026        1944
290712          4644       2004   70.734109        1934
292251          4678       2011   58.467419        1953
295531          4457       2007   72.448684        1935
301387          2343       2010   50.850406        1960
302027          4527       2006   56.915483        1950
320396          4966       2007   53.660142        1954
322874          4577       2005   44.158909        1961
324317          2592       2010   74.821405        1936
333149          4770       2002   76.589806        1926
333941          4787       2003   79.949745        1924
334481          2476       2005   69.131294        1936
335702          4787       2003   82.488005        1921
338492          4787       2003   81.911983        1922
340592          4787       2003   81.786111        1922
346928          2369       2009   71.128897        1938
350312          1915       2004   75.902145        1929
351352          4804       2005   64.123963        1941
352972          4816       2009   54.664063        1955
354530          5254       2004   85.947620        1919
356366          2486       2003   56.880164        1947
357266          2497       2005   73.073971        1932
358386          4832       2006    0.094876        2006
359682          2265       2003   76.184601        1927
363582          2378       2005   82.158340        1923
372132          5242       2003   52.807990        1951
374260          2513       2006   38.820588        1968
382770          1995       2006   73.471021        1933
383150          1729       2009   87.481730        1922
398683          4902       2010   50.476210        1960
399538          2284       2007   79.133373        1928
404851          2420       2010   52.148347        1958
411197          2018       2002   74.728348        1928
416085          2310       2004   73.854194        1931
421251          6898       2007   81.339708        1926
421845          6763       2007   80.329522        1927
423717          3977       2005   47.629121        1958
428793          4155       2006   82.960746        1924
430617          6543       2008   61.626994        1947
431682          6794       2007   71.322157        1936
432138          6803       2007   70.935819        1937
436214          4038       2003   57.091052        1946
436984          3516       2005   75.576796        1930
438574          2205       2006   79.824583        1927
440498          3647       2002   25.902811        1977
443858          4719       2010   65.901936        1945
450284          3830       2008   85.663978        1923
452348          3542       2006   58.498306        1948
454184          4655       2012   38.898435        1974
459704          4656       2007   51.364873        1956
477680          4661       2006   26.025473        1980
481148          3841       2008   65.860369        1943
483120          3676       2008   67.987494        1941
494064          4098       2009   71.368365        1938
494470          6731       2004   62.708018        1942
494764          3882       2006   30.959958        1976
513872          3888       2006   41.706218        1965
516896          3791       2006   31.312187        1975
525077          3866       2004   51.073174        1953
526573          3866       2004   48.966802        1956
527945          3866       2004   48.400467        1956
528825          6872       2001   78.692369        1923
530463          6741       2005   83.440469        1922
530796          4387       2006   59.582347        1947
546114          4390       2002   64.717982        1938
548922          6497       2006   83.689262        1923
551658          5909       2009   57.470768        1952
552256          8340       2002   76.942787        1926
552718          6428       2002   21.058502        1981
554446          8393       2007   73.064347        1934
558046          6252       2009   50.402058        1959
561998          5937       2004   40.609865        1964
581318          5495       2005   78.629764        1927
607234          6445       2003   38.704974        1965
608774          5832       2008   70.871356        1938
610831          5952       2010   61.033100        1949
633475          5955       2003   55.218059        1948
637175          5312       2007   87.029593        1920
666315          5544       2003   76.072288        1927
668457          5843       2011   66.916172        1945
679635          6939       2010   75.471824        1935
685626          5489       2003   64.411782        1939
698280          5518       2002   20.202787        1982
700044          5525       2002   66.209829        1936
702240          5525       2002   65.572388        1937
704010          5665       2008   85.140358        1923
705072          6001       2009   35.153938        1974
705592          5453       2010   54.388403        1956
708148          5696       2007   87.226755        1920
711588          6291       2004   68.527113        1936
712468          5712       2001   48.129783        1953
717328          6481       2009   87.520742        1922
726940          8079       2005    0.001354        2005
730252          5761       2003   73.288260        1930
733368          8141       2003   82.380687        1921
741630          7888       2007   48.727970        1959
743118          8228       2003   44.885322        1959
744888          8894       2011   71.613370        1940
745188          8726       2009   46.080510        1963
759156          6930       2005   57.798929        1948
765092          8734       2002   48.025090        1954
767828          8459       2002   78.996827        1924
769124          8886       2005   62.248637        1943
770488          8006       2002   65.621608        1937
773260          8668       2005   77.282575        1928
773689          7614       2008   80.956815        1928
781513          7614       2009   83.161586        1926
783788          7621       2006   68.230689        1938
785505          7752       2008   31.112698        1977
786225          9555       2007   50.993183        1957
787530          9555       2007   53.774643        1954
788938         10642       2011   59.005918        1952
789926         10642       2011   59.133684        1952
791560         10188       2001   62.401699        1939
803800         10188       2001   62.308818        1939
804636          9137       2005   84.588084        1921
805420          9571       2009   55.364991        1954
806480         10624       2005   48.350279        1957
806746          8993       2007   79.845364        1928
809346          9064       2005   61.465583        1944
809598          9457       2011   61.352523        1950
812412         10532       2004   74.046572        1930
812872         10634       2008   78.407490        1930
813178          9266       2009   69.342465        1940
814183         10412       2001   45.030909        1956
815275          9272       2008   70.824899        1938
823227         10280       2009   57.460447        1952
827045         10038       2005   88.036823        1917
843677         10422       2003   66.793542        1937
847601         10424       2002   59.879922        1943
848399          9815       2010   87.840364        1923
848594          9315       2003   39.852854        1964
865028         10299       2002   78.140017        1924
866432         10006       2007   70.637772        1937
867040         10088       2001   77.840856        1924
869890         10311       2005   70.270634        1935
873130         10434       2010   60.570855        1950
874690          9957       2007   78.661513        1929
874960          9910       2006   84.292596        1922
878392          9672       2001   50.278172        1951
879952         10015       2010   62.183011        1948
891664         10124       2010   83.325228        1927
893250         10132       2003   65.334308        1938
902085         10814       2007   84.674965        1923
903307          8927       2008   65.775870        1943
905539         11912       2004   62.907011        1942
906419         12045       2007   61.924989        1946
931271         10814       2007   84.429863        1923
933753          7402       2008   82.175726        1926
934281          7402       2008   83.645879        1925
936877         11978       2010   62.622322        1948
938173          9484       2007   51.942884        1956
942835         12093       2002   84.318816        1918
944419         11798       2001   71.215994        1930
945915          9768       2011   75.697276        1936
948987         11559       2010   57.257838        1953
952179          9498       2008   81.555899        1927
961221         11818       2010   41.771844        1969
978405         11818       2010   41.357269        1969
1009527         9763       2010   69.697412        1941
1010723        11671       2005   88.074800        1917
1011157        11673       2009   29.301895        1980
1014523        12119       2001   38.081150        1963
1015381         9782       2003   84.060245        1919
1017649         9538       2010   76.035860        1934
1028647        10731       2010   68.471990        1942
1030471        11876       2005   54.546742        1951
1045861        13757       2004   55.524003        1949
1046821        13764       2005   78.004663        1927
1047877        14146       2011   79.774395        1932
1048592        11236       2010   78.365113        1932
1049222        11453       2005   26.659009        1979
1053383        11236       2011   82.532245        1929
1057559        11071       2007   82.141340        1925
1058399        13599       2009   71.398001        1938
1063817        13944       2003   57.484436        1946
1064417        13355       2007   27.455663        1980
1064492        14104       2006   61.512797        1945
1073482        11147       2008   55.300523        1953
1079500        13618       2012   81.719816        1931
1080634        13619       2003   79.117160        1924
1088887        13622       2002   80.042545        1922
1089391        11176       2001   36.898631        1965
1090767        11380       2011   74.248689        1937
1091559        11384       2004   81.386426        1923
1097905        10761       2001   62.684041        1939
1098595        10769       2004   81.946720        1923
1102883        14002       2011   83.565729        1928
1103180        10832       2003   77.016135        1926
1104852        10832       2003   78.766639        1925
1105083        13736       2008   51.702180        1957
1119173        12706       2002   62.985783        1940
1137317        12964       2008   70.565742        1938
1149077        15919       2010   39.850894        1971
1150677        13084       2007   82.821129        1925
1157029        12662       2011   76.433408        1935
1160065        15454       2010   80.121437        1930
1160689        15465       2004   74.233191        1930
1166978        11050       2004   50.095161        1954
1187810        11050       2004   51.116575        1953
1217632        12805       2009   34.210446        1975
1220590        13253       2003   79.021069        1924
1230950        12539       2011   62.705942        1949
1242430        12623       2004   76.682264        1928
1242445        13168       2010   61.455972        1949
1244931        13174       2010   57.741893        1953
1247151        15610       2011   66.760144        1945
1249615        13036       2010   54.900200        1956
1251439        13185       2005   47.932005        1958
1254958        12365       2004   80.795541        1924
1266600        15644       2002   55.300384        1947
1268490        15125       2003   56.046518        1947
1275330        15057       2003   58.945283        1945
1275482        14507       2005   42.711952        1963
1281126        14611       2004   49.455709        1955
1296180        16975       2003   80.691293        1923
1301172        16976       2008   62.570341        1946
1301988        14634       2003   37.216569        1966
1308738        17047       2004   24.482022        1980
1309998        17124       2010   67.583093        1943
1311670        14845       2002   41.995437        1961
1312268        14757       2004   85.487968        1919
1322102        15964       2010   83.541481        1927
1328942        14873       2009   66.981348        1943
1332002        14873       2009   66.853829        1943
1336162        15278       2005   50.970994        1955
1337233        14887       2002   81.829737        1921
1342165        14898       2007   64.474391        1943
1343569        14452       2010   44.128303        1966
1345837        14325       2009   55.639739        1954
1359517        15026       2008   28.312254        1980
1361893        14520       2010   50.253666        1960
1362597        14467       2002   49.424253        1953
1363129        14398       2004   73.132076        1931
1364611        14822       2004   79.686315        1925
1365300        15900       2002   46.714519        1956
1418340        14579       2003   68.961549        1935
1419556        16488       2003   73.279925        1930
1429184        16894       2002   70.200260        1932
1430984        16895       2004   44.585987        1960
1432936        17389       2010   73.453105        1937
1434296        16942       2006   76.778218        1930
1435492        16542       2004   80.281148        1924
1442140        16560       2001   80.802835        1921
1458490        17423       2003   48.277466        1955
1470430        17423       2003   47.911166        1956
1470772        17014       2003   57.868094        1946
1482662        17175       2011   51.152312        1960
1485446        17181       2008   75.060844        1933
1486166        17024       2001   50.900261        1951
1486706        16802       2003   44.700643        1959
1488786        16802       2004   45.604107        1959
1495752        16194       2008   71.683533        1937
1496284        16817       2008   68.856292        1940
1499590        17757       2002   62.218626        1940
1502054        17759       2003   61.060652        1942
1503174        16605       2004   61.093028        1943
1503993        16726       2008   81.142172        1927
1507053        17282       2004   50.805910        1954
1517853        17299       2007   55.904611        1952
1520349        16375       2006   58.380680        1948
1526285        16379       2003   43.411530        1960
1540985        16729       2009   78.407929        1931
1548207        17766       2003   39.953735        1964
1550832        17384       2004   37.992818        1967
1553072        17384       2004   37.029169        1967
1554421        16865       2005   29.163368        1976
1557899        17384       2004   34.414103        1970
1559879        18846       2004   62.347223        1942
1561015        19164       2003   64.119016        1939
1561735        19280       2008   42.718353        1966
1575355        19411       2002   62.472507        1940
1608415        19412       2005   28.360839        1977
1619239        18996       2007   33.110401        1974
1637553        19029       2001   42.937823        1959
1639764        19029       2001   43.626330        1958
1643262        19296       2007   80.188919        1927
1734417        18982       2005   69.686322        1936
1735593        18459       2008   71.184735        1937
1738713        19029       2001   44.030697        1957
1741729        19029       2001   39.687963        1962
1747617        19029       2001   38.220755        1963
1781277        19038       2009   46.891570        1963
1899159        18740       2009   70.015592        1939
1907909        19316       2004   60.603837        1944
1915256        19067       2008   88.937110        1920
1916164        17863       2005   81.159601        1924
1922196        16074       2006   86.486298        1920
1928751        19216       2010   55.931819        1955
1934715        18054       2007   85.295600        1922
1935617        19463       2004   84.605405        1920
1936447        18140       2010   26.713698        1984
1937185        18872       2011   26.992971        1985
1937497        18959       2010   42.697024        1968
1955177        18712       2004   58.646687        1946
1955537        19385       2003   77.435096        1926
1956226        20577       2010   58.935434        1952
1958476        20577       2010   59.239200        1951
1965244        20577       2010   65.297995        1945
1977784        20747       2004   51.382295        1953
1978601        21091       2007   72.743604        1935
1979159        18351       2003   30.132077        1973
1981655        18353       2008   65.093689        1943
1987427        18473       2011   58.054239        1953
1991027        17800       2004   42.931810        1962
1992215        17899       2008   76.950687        1932
2005359        18353       2007   63.344107        1944
2006219        17978       2009   49.816145        1960
2009051        21274       2010   57.693634        1953
2009583        18484       2003   63.861445        1940
2013231        18484       2003   68.404367        1935
2014561        18625       2002   70.486031        1932
2017893        21246       2002   59.643475        1943
2023213        17906       2002   77.800715        1925
2024733        17983       2006   86.404860        1920
2047281        20904       2007   74.712554        1933
2055281        21031       2003   69.715180        1934
2058413        22772       2006   55.879838        1951
2069105        22782       2003   80.041351        1923
2094566        22788       2009   50.774395        1959
2095210        22797       2011   49.771200        1962
2096500        19609       2004   83.431668        1921
2107956        22609       2011   62.894350        1949
2108308        20199       2007   37.627781        1970
2109748        22660       2010   77.418425        1933
2112084        20210       2006   43.394070        1963
2114142        19827       2001   68.013249        1933
2115878        22686       2005   60.398441        1945
2122886        19851       2003   64.958920        1939
2125112        19851       2003   64.419196        1939
2126492        19869       2002   82.870830        1920
2130518        20124       2010   58.519456        1952
2131861        19940       2003   60.419836        1943
2133247        20248       2003   54.645176        1949
2139007        24248       2007   42.055916        1965
2143835        24253       2004   85.295381        1919
2144951        24264       2006   51.436348        1955
2147621        22327       2004   85.249348        1919
2152829        22498       2009   78.712364        1931
2154429        22239       2004   76.697929        1928
2156937        22067       2004   84.274899        1920
2159850        21435       2007   81.080744        1926
2160990        21979       2011   48.116034        1963
2163678        21413       2008   84.268242        1924
2166436        21451       2009   63.360582        1946
2167462        21452       2003   61.888541        1942
2170675        21431       2005   57.125725        1948
2174539        21431       2005   59.847383        1946
2174643        23062       2008   86.291182        1922
2190033        21630       2011   85.874238        1926
2207839        21632       2011   76.075128        1935
2210369        23036       2004   68.764771        1936
2212573        24067       2011   79.497136        1932
2223967        21678       2005   84.184044        1921
2224372        21891       2003   54.336503        1949
2243622        21700       2003   72.814037        1931
2245736        22395       2010   79.727324        1931
2246170        21764       2003   75.955843        1928
2250258        22228       2002   63.307887        1939
2305320        21766       2006   60.752329        1946
2307480        23626       2010   61.623226        1949
2308351        23264       2003   49.890427        1954
2309161        23159       2002   64.776004        1938
2312701        23161       2004   82.774809        1922
2318629        23236       2003   76.016881        1927
2337499        24785       2008   80.067407        1928
2345659        24785       2008   79.853460        1929
2348699        23412       2002   68.435220        1934
2349867        24638       2003   75.595380        1928
2351055        24548       2010   39.258102        1971
2355807        23738       2009   68.420736        1941
2357805        24676       2006   81.046585        1925
2360355        24084       2008   47.255916        1961
2367408        23752       2003   41.317456        1962
2367786        23874       2008   55.655280        1953
2370106        23535       2009   84.206695        1925
2373508        23546       2011   84.625011        1927
2375892        23560       2008   73.538372        1935
2376588        23762       2001   87.317089        1914
2382244        23933       2002   72.231324        1930
2389564        24712       2005   41.500356        1964
2395196        24032       2006   44.641017        1962
2397485        24470       2004   79.910751        1925
2397933        24589       2010   78.218068        1932
2400755        24731       2001   81.875782        1920
2405723        26274       2004   51.992066        1953
2405731        25277       2008    0.000200        2008
2423751        25286       2001   64.041733        1937
2435739        25383       2005   71.087219        1934
2438915        26036       2004   49.252978        1955
2440895        25540       2009   88.992787        1921
2441103        26301       2010   73.172022        1937
2444613        23364       2008   77.852101        1931
2445733        26061       2007   86.432203        1921
2451575        26212       2010   54.894926        1956
2452631        26089       2006   40.159308        1966
2455521        25188       2005   63.350606        1942
2471658        25189       2012   46.852583        1966
2475183        26212       2010   55.502919        1955
2480979        25225       2009   31.462665        1978
2481387        25815       2010   80.254113        1930
2505103        26248       2007   45.204755        1962
2508631        25662       2008   61.905417        1947
2512211        25483       2003   53.454544        1950
2534442        25256       2007   33.995269        1974
2554390        25367       2006   84.193623        1922
2554832        25367       2006   82.503533        1924
2558512        24824       2002   87.486059        1915
2558778        24910       2007   65.796754        1942
2565141        27800       2007   63.719559        1944
2566753        26737       2004   80.636058        1924
2597329        26825       2007   75.220569        1932
2598817        27347       2009   87.899543        1922
2603171        25326       2002   59.622481        1943
2604205        24851       2011   83.008488        1928
2607625        27311       2005   66.511940        1939
2648329        27315       2008   59.726791        1949
2658745        27374       2001   66.179885        1935
2670463        27374       2001   66.694327        1935
2671003        27654       2003   53.647985        1950
2674453        25326       2002   59.976034        1943
2676235        27278       2005   78.175511        1927
2687275        27291       2005   43.433336        1962
2690347        27447       2006   69.963183        1937
2690914        27418       2004   58.009087        1946
2691562        27293       2004   76.516681        1928
2694530        27513       2011   48.295951        1963
2697428        27529       2003   67.632974        1936
2700068        27679       2007   18.600999        1989
2705738        27680       2005   50.015992        1955
2796362        27542       2011   62.573125        1949
2800898        26638       2007   63.996519        1944
2801591        26724       2009   79.171177        1930
2810567        27568       2003   65.966429        1938
2815415        29045       2007   47.617341        1960
2819339        29379       2011   87.538797        1924
2828303        29383       2001   52.701424        1949
2880143        29163       2005   62.939920        1943
2884175        27102       2012   79.203946        1933
2895407        27192       2008   54.875287        1954
2902373        26701       2006   76.883030        1930
2904533        29304       2002   61.957641        1941
2979503        29299       2010   55.641191        1955
2991239        29299       2010   55.557900        1955
2992361        29360       2006   62.631811        1944
2998061        28713       2006   49.108126        1957
3017741        27121       2003   60.574610        1943
3024741        26523       2011   62.654897        1949
3025031        26628       2005   49.615919        1956
3029567        26709       2009   61.491443        1948
3046259        27210       2008   25.907935        1983
3049223        26709       2009   61.580570        1948
3065603        28753       2002   80.397861        1922
3087203        29199       2006   74.266656        1932
3087707        29210       2001   41.226177        1960
3142328        27232       2009   65.226805        1944
3147983        28887       2004   60.889742        1944
3150743        28887       2004   60.231283        1944
3152993        29110       2006   49.446413        1957
3160985        27058       2010   83.830909        1927
3166969        28754       2009   70.429621        1939
3189319        27152       2001   60.528697        1941
3190383        26931       2011   75.303475        1936
3195279        28960       2010   48.938143        1962
3204249        28962       2010   76.416601        1934
3207111        29344       2004   82.741912        1922
3208539        29350       2004   85.715300        1919
3220575        29135       2010   79.756481        1931
3222507        29135       2010   79.830066        1931
3225423        26571       2011   73.566053        1938
3228366        28986       2011   65.490451        1946
3232230        29011       2007   59.434609        1948
3247062        26967       2009   26.766084        1983
3263934        26978       2010   87.284144        1923
3268326        29027       2007   65.175100        1942
3270342        29027       2007   65.284193        1942
3293457        29035       2006   66.171736        1940
3312996        29035       2006   63.943588        1943
3316788        29043       2007   73.132192        1934
3325050        27101       2008   68.460696        1940
3329532        27182       2003   29.557724        1974
3343812        30542       2004   77.946142        1927
3343839        28448       2006   32.989680        1974
3345948        28457       2006   46.817551        1960
3347292        30550       2010   40.228676        1970
3350952        28015       2004   72.747808        1932
3354189        28268       2004   58.344871        1946
3355443        28671       2006   58.780858        1948
3364623        28202       2002   64.263659        1938
3396681        28202       2002   64.061096        1938
3400761        28686       2009   62.415267        1947
3402009        28309       2004   59.674843        1945
3412917        28315       2003   76.209356        1927
3413841        30264       2001   52.372692        1949
3422619        28334       2006   39.910677        1967
3427110        30208       2009   68.676019        1941
3434558        28698       2008   56.816354        1952
3435000        28701       2006   86.977380        1920
3439050        28805       2001   88.256437        1913
3443466        28600       2001   84.924480        1917
3460314        28508       2007   56.846676        1951
3468459        28814       2005   81.635138        1924
3475947        28180       2002   85.356279        1917
3480303        30460       2007   48.512913        1959
3486348        30464       2009   46.871943        1963
3498876        30470       2011   59.929782        1952
3516300        28161       2009   42.763350        1967
3517791        28531       2005   49.762981        1956
3518811        28004       2007   81.989582        1926
3526155        30505       2001   84.463974        1917
3528663        28094       2010   58.562808        1952
3529755        28073       2009   80.912878        1929
3543849        28099       2009   48.472149        1961
3547164        28544       2002   71.374084        1931
3565320        29668       2007   75.839841        1932
3579306        29682       2002   20.224658        1982
3580596        29997       2011   69.996415        1942
3584424        32013       2010   87.196814        1923
3594315        30227       2003   75.267771        1928
3597357        29927       2011   69.312633        1942
3599754        30016       2003   86.747957        1917
3609267        28721       2007   67.855798        1940
3622575        30298       2001   79.172641        1922
3640179        30176       2003   49.191871        1954
3641460        30026       2008   47.868875        1961
3653142        29395       2004   51.181644        1953
3659001        30303       2008   78.065154        1930
3693321        29829       2005   85.127304        1920
3702141        29946       2004   66.360192        1938
3704640        29541       2008   57.753398        1951
3704920        30686       2006    0.000894        2006
3711820        29413       2003   75.851907        1928
3715708        30314       2009   84.566357        1925
3717622        29456       2002   60.105178        1942
3722914        29544       2005   63.211849        1942
3729178        29463       2006   62.679590        1944
3739678        29426       2003   61.843131        1942
3742927        29556       2007   82.596942        1925
3752755        29621       2006   65.015305        1941
3756253        29581       2003   78.405489        1925
3793081        30637       2007   55.887833        1952
3803242        32421       2004   88.419949        1916
3820090        31716       2002   83.822583        1919
3821773        32433       2011    0.319294        2011
3823083        31621       2008   48.294360        1960
3833703        32436       2004   69.759631        1935
3834363        31373       2011   68.865627        1943
3836505        32054       2001   50.898864        1951
3838044        32058       2011   65.101422        1946
3838566        31404       2004   33.721978        1971
3847206        32103       2001   87.654551        1914
3853938        32375       2005   57.383143        1948
3855927        32133       2008   61.465387        1947
3885111        32443       2007   86.054541        1921
3895317        32447       2008   73.197814        1935
3903600        32135       2007   86.825850        1921
3904896        31676       2003   72.759111        1931
3905688        31679       2009   86.927010        1923
3911358        32286       2009   71.264309        1938
3923118        32181       2011   74.299597        1937
3924636        32412       2002   60.102204        1942
3926022        32394       2009   81.950263        1928
3929457        32173       2002   79.412624        1923
3942801        41547       2002   44.923763        1958
3950703        41976       2012   66.136736        1946
3958479        41899       2008   25.814703        1983
3960099        42013       2008   77.153970        1931
3962985        42892       2002   42.183818        1960
3965097        41976       2011   65.036218        1946
3969321        41976       2011   64.788416        1947
3974403        41670       2001   56.436011        1945
3976377        41693       2003   88.290927        1915
4095789        42904       2008   66.003642        1942
4118535        43274       2003   36.013524        1967
4166550        41619       2010   49.404628        1961
4172898        31911       2002   70.493079        1932
4176330        32713       2006   53.207462        1953
4179480        32775       2011   32.893878        1979
4188600        42211       2011   51.534820        1960
4198392        43061       2006   44.763187        1962
4199142        31083       2009   78.166926        1931
4216233        42327       2004   67.839513        1937
4229631        42327       2004   67.884096        1937
4230723        42756       2008   66.785359        1942
4382679        43126       2003   56.859467        1947
4386339        43412       2008   54.049210        1954
4389858        40036       2005   66.271103        1939
4391739        31029       2001   64.918003        1937
4393314        43128       2004   46.157991        1958
4396335        40175       2010   85.728806        1925
4404735        42473       2004   54.327331        1950
4410462        46257       2011   59.874131        1952
4445679        40934       2002   59.531221        1943
4447524        46521       2009   78.009209        1931
4450296        47746       2005   77.292666        1928
4453832        32489       2010   44.065873        1966
4463507        32661       2002   72.936032        1930
4469429        32664       2011   22.723724        1989
4471292        47453       2001   73.981914        1928
4480370        40738       2003   66.559981        1937
4486970        41040       2004   80.126287        1924
4488884        47790       2003   72.934349        1931
4495625        40819       2008   61.711763        1947
4497905        47240       2006   74.815856        1932
4500752        40563       2005   80.315933        1925
4524281        47255       2009   87.889458        1922
4536239        40851       2006   61.627354        1945
4540208        41119       2002   66.764494        1936
4547276        32512       2007   30.881515        1977
4553684        47816       2006   82.665009        1924
4558652        32628       2009   80.814347        1929
4559444        32705       2009   80.089017        1929
4563098        47289       2005   26.004250        1979
4574882        40612       2007   86.261012        1921
4584482        47305       2007   54.172439        1953
4595324        40904       2008   77.129058        1931
4596620        41252       2001   71.995512        1930
4604090        40666       2009   80.072244        1929
4617446        46197       2007   74.229406        1933
4619474        46321       2001   88.321075        1913
4622282        46355       2005   44.847453        1961
4630802        51841       2001   50.555033        1951
4634447        51847       2005   80.359696        1925
4639001        51859       2002   57.437297        1945
4640882        44787       2003   79.951291        1924
4643768        51555       2010   44.306933        1966
4663250        44806       2011   74.912693        1937
4665362        44820       2011   87.631429        1924
4671362        43484       2008   76.616729        1932
4676618        51270       2004   79.577262        1925
4683287        51275       2001   84.329908        1917
4705154        50847       2004   35.285148        1969
4706504        51277       2004   84.083087        1920
4715009        44851       2011   37.302498        1974
4723673        44225       2002   40.168043        1962
4735175        44255       2005   71.567432        1934
4738145        51998       2004   51.527180        1953
4743005        41014       2011   60.597951        1951
4750061        41022       2007   66.641311        1941
4794017        44941       2010   78.227075        1932
4797995        50981       2001   78.358318        1923
4802027        43673       2004   80.155117        1924
4811261        43563       2001   79.049429        1922
4813373        51027       2007   70.292085        1937
4821533        43799       2009   61.111796        1948
4825145        44320       2004   37.546780        1967
4842632        51078       2010   64.254763        1946
4845332        51424       2004   50.412147        1954
4852001        51780       2001   46.124949        1955
4858238        44434       2009   54.391105        1955
4859438        44146       2007   37.710775        1970
4870274        44500       2007   72.058128        1935
4872056        44508       2009   70.074455        1939
4875881        45344       2008   75.376273        1933
4888841        45344       2008   75.790431        1933
4900217        51482       2009   54.656013        1955
4903385        44530       2008   61.278626        1947
4908035        45111       2007   84.882166        1923
4916009        44596       2001   74.999869        1927
4920521        50594       2009   59.905415        1950
4937369        51506       2009   45.667867        1964
4945817        48124       2007   74.128377        1933
4951397        48340       2005   68.781222        1937
4966403        49544       2009   60.565196        1949
4977491        55051       2007   58.720004        1949
5001161        48453       2011   57.300795        1954
5001737        49247       2001   37.440760        1964
5010083        55094       2009   56.276894        1953
5012903        55104       2008   80.424185        1928
5022227        48677       2004   57.632029        1947
5092667        49925       2006   50.865113        1956
5095859        47956       2008   50.889264        1958
5103035        47956       2008   49.553038        1959
5104361        47962       2010   30.042414        1980
5118011        48453       2011   57.422003        1954
5131739        49586       2002   82.539488        1920
5138207        49955       2001   54.215090        1947
5256287        48388       2007   57.712297        1950
5316227        51385       2001   56.113298        1945
5318777        51670       2006   88.877852        1918
5334737        48779       2011   34.009354        1977
5347049        49604       2007   51.433878        1956
5354177        48804       2010   55.927025        1955
5362601        48843       2011   41.421468        1970
5367155        49623       2003   62.201418        1941
5373959        49359       2003   86.772573        1917
5376647        49623       2003   61.875954        1942
5391482        50045       2001   65.681625        1936
5392670        50055       2009   53.213954        1956
5396189        49395       2011   82.725953        1929
5403938        49407       2002   57.062559        1945
5411066        50651       2010   53.350178        1957
5421920        48950       2003   52.884575        1951
5434574        54681       2001   84.516143        1917
5437958        54690       2008   80.280996        1928
5441588        54825       2004   79.752272        1925
5482112        50490       2008   78.752255        1930
5485172        49692       2008   49.599771        1959
5486306        49188       2001   19.158911        1982
5489006        53596       2007   75.144366        1932
5495756        53596       2007   76.104988        1931
5503856        52490       2007   70.405037        1937
5511056        54471       2010   83.333337        1927
5515403        54479       2005   84.852513        1921
5521682        52307       2008   74.289664        1934
5528711        56112       2010   79.121710        1931
5529569        53372       2008   83.754751        1925
5531261        53654       2006   78.536755        1928
5676989        52532       2011   47.937916        1964
5695655        55514       2010   55.077130        1955
5698553        53939       2005   82.388971        1923
5703173        56038       2003   25.226963        1978
5705558        52453       2008   53.593740        1955
5710631        55543       2005   80.085118        1925
5716301        55545       2008   62.382899        1946
5726561        54006       2011   63.381404        1948
5757641        55821       2005   80.575284        1925
5758649        55266       2006   77.732389        1929
5759909        55267       2003   32.922979        1971
5765609        52875       2009   60.999619        1949
5768885        53456       2005   72.523845        1933
5770271        55597       2003   52.253413        1951
5772821        55597       2003   52.227243        1951
5779061        53492       2003   65.955620        1938
5793953        53492       2002   63.474932        1939
5798441        53771       2008   60.690768        1948
5800583        53775       2004   77.041877        1927
5801606        54077       2010   72.836539        1938
5809865        54197       2005   64.611678        1941
5838935        55313       2008   43.713074        1965
5844551        55334       2001   73.928865        1928
5846945        54405       2011   56.384241        1955
5855921        54153       2004   77.713637        1927
5867765        54788       2008   49.249932        1959
5874377        53228       2004   79.325321        1925
5883302        53247       2007   49.554829        1958
5887022        53294       2011   85.246386        1926
5891312        53309       2010   76.255887        1934
5905808        55360       2001   54.759898        1947
5908316        53842       2002   73.296415        1929
5939834        52269       2002   86.536004        1916
5943614        55700       2007   79.001981        1928
5949446        55973       2009   61.449595        1948
5953406        55973       2009   59.986824        1950
5957096        54805       2004   66.896571        1938
5983772        60214       2006   78.501288        1928
5987282        58782       2001   36.268741        1965
5990162        57878       2010   77.023206        1933
5994374        58134       2008   88.979118        1920
6019796        56790       2003   66.867059        1937
6020381        57049       2001   84.911705        1917
6035903        59347       2005   59.973363        1946
6041843        56339       2010   76.362457        1934
6049487        56572       2009   69.643650        1940
6060467        60142       2008   81.249369        1927
6072491        52355       2004   73.602939        1931
6079931        58337       2006   69.333814        1937
6084539        59979       2007   62.991061        1945
6092153        59472       2002   75.724657        1927
6093830        57256       2006   83.317626        1923
6096908        57264       2007   61.929014        1946
6116522        59801       2006   88.648164        1918
6185327        58774       2002   40.009482        1962
6202211        57412       2003   75.138232        1928
6205049        58826       2008   62.184399        1946
6213329        58593       2007   22.196792        1985
6222779        58597       2001   84.845044        1917
6227000        64014       2009   63.273272        1946
6231218        56854       2011   79.688824        1932
6244988        56200       2006   83.422641        1923
6248966        56440       2007   74.971343        1933
6260978        56651       2005   68.301148        1937
6273176        63733       2009   77.373025        1932
6281522        61195       2001   53.090287        1948
6293222        61215       2008   40.485648        1968
6298238        56947       2011   81.389569        1930
6300149        62654       2006   39.921526        1967
6314945        56243       2007   62.286471        1945
6318095        62858       2005   62.046098        1943
6321401        57981       2010   60.496026        1950
6328169        56740       2001   60.751593        1941
6333137        64153       2007   45.745618        1962
6340337        63226       2001   45.202378        1956
6344561        64188       2009   36.078994        1973
6349709        58008       2008   67.094269        1941
6380234        62980       2010   30.771069        1980
6382178        64572       2007   82.662157        1925
6396254        63364       2003   79.370639        1924
6407279        63992       2008   55.940086        1953
6410087        63116       2001   57.634868        1944
6420980        63477       2007   80.759884        1927
6426557        62495       2005   68.691021        1937
6435797        61852       2007   42.833351        1965
6438248        68099       2004   81.633547        1923
6442934        62204       2007   41.354165        1966
6445394        62227       2004   69.865493        1935
6450866        68152       2008   80.850360        1928
6477179        67348       2009   79.532830        1930
6480137        60455       2005   61.786059        1944
6483386        68172       2011   61.112149        1950
6495566        62608       2004   78.339475        1926
6498986        68791       2008   68.301947        1940
6511328        61519       2006   56.515940        1950
6533504        67651       2009   27.504314        1982
6536924        68204       2001   86.643918        1915
6538844        68215       2003   50.287095        1953
6556628        62371       2006   84.847833        1922
6558644        61711       2004   73.061004        1931
6564068        67735       2011   40.629557        1971
6585068        68235       2009   53.262002        1956
6604073        60274       2004   44.781282        1960
6617597        67788       2010   27.231232        1983
6621197        62135       2009   56.590575        1953
6634742        62150       2002   89.003531        1913
6675764        60805       2005   57.427876        1948
6686039        62169       2004   58.318815        1946
6694751        68308       2002   55.264499        1947
6700871        62464       2008   77.713568        1931
6718670        73131       2001   49.925145        1952
6754442        66474       2004   68.498700        1936
6759242        65401       2008   63.039418        1945
6760763        72771       2008   67.794694        1941
6774047        72775       2008   30.447229        1978
6778547        65217       2009   75.242488        1934
6787205        65219       2001   73.901453        1928
6795707        66780       2007   55.749637        1952
6796895        72824       2011   88.242866        1923
6799751        65703       2008   73.229851        1935
6801857        65004       2004   68.827409        1936
6808121        65004       2004   68.762326        1936
6818021        71514       2001   49.678604        1952
6830018        65871       2010   85.953392        1925
6873488        66965       2011   81.630619        1930
6886160        65893       2008   64.217085        1944
6887678        71580       2004   58.211460        1946
6959090        67578       2008   84.910575        1924
6965354        67172       2008   69.326015        1939
6974753        72083       2002   68.854757        1934
6984497        66061       2003   55.922458        1948
6987581        64893       2001   22.671816        1979
6994853        65025       2010   64.083043        1946
7000460        66389       2008   72.371294        1936
7001756        72336       2009   49.149767        1960
7003310        69769       2004   22.069954        1982
7012703        69776       2003   72.162587        1931
7027907        70359       2008   80.991982        1928
7031270        69129       2007   86.843498        1921
7073828        69811       2008   61.528599        1947
7075676        69673       2010   40.898249        1970
7079708        71349       2001   75.320069        1926
7109720        69904       2005   72.490640        1933
7136252        71059       2006   53.481278        1953
7137044        70442       2001   66.229780        1935
7143860        70002       2008   58.700198        1950
7147829        70072       2010   78.601978        1932
7153133        71108       2006   63.249997        1943
7154321        76135       2008   73.063793        1935
7167362        71072       2009   72.890069        1937
7168562        73249       2003   63.986965        1940
7170626        71889       2001   50.849901        1951
7191464        72580       2005   75.497904        1930
7192025        70239       2004   80.525072        1924
7194077        70872       2008   78.594751        1930
7195463        73313       2006   36.157376        1970
7197335        71487       2009   70.217343        1939
7199870        70872       2008   74.929765        1934
7208450        69354       2009   53.306147        1956
7214009        72969       2008   55.014965        1953
7219760        69299       2009   62.474697        1947
7224704        70926       2004   54.954234        1950
7229681        70944       2011   62.196202        1949
7232384        69484       2001   79.862488        1922
7262795        70954       2005   86.627416        1919
7269548        69037       2003   70.388989        1933
7290572        73039       2006   62.702758        1944
7296992        70651       2009   26.879589        1983
7339883        69758       2009   54.167030        1955
7344365        77453       2006   67.970766        1939
7345100        75640       2010   53.381460        1957
7347212        75996       2007   63.639806        1944
7364951        74639       2008   81.958801        1927
7368011        75100       2009   39.651947        1970
7394651        77480       2008   64.685360        1944
7406558        76418       2006   62.333316        1944
7411916        74679       2005   55.157423        1950
7423355        74686       2006   65.820801        1941
7433399        75666       2009   54.029172        1955
7439087        77511       2011   43.986858        1968
7481039        76880       2010   64.373353        1946
7497023        74857       2001   26.564743        1975
7509821        75496       2004   47.392693        1957
7519217        76476       2010   55.046922        1955
7521356        76476       2010   56.616226        1954
7527530        76476       2010   56.006033        1954
7532171        75941       2006   48.424718        1958
7533701        77242       2006   54.214953        1952
7536221        76249       2001   57.260268        1944
7538201        75502       2010   87.844418        1923
7540937        76327       2006   42.412709        1964
7548956        75509       2011   71.778966        1940
7551161        75517       2002   58.574355        1944
7555886        75251       2010   75.609155        1935
7587491        76514       2006   63.789586        1943
7638377        77614       2006   82.999114        1924
7645601        74223       2003   81.081558        1922
7652069        73713       2005   50.097831        1955
7659089        73713       2006   51.762024        1955
7676369        75315       2004   72.460806        1932
7677461        73925       2009   78.519217        1931
7687331        77427       2005   62.424006        1943
7711223        74503       2007   61.295209        1946
7808408        76736       2008   69.971876        1939
7811948        76739       2003   64.608914        1939
7819676        74554       2006   75.013201        1931
7827776        75355       2006   75.694855        1931
7830086        77469       2006   84.811313        1922
7835063        77471       2004   26.526330        1978
7842308        77070       2007   61.223706        1946
7855646        80696       2001   78.200011        1923
7879472        80752       2002   54.070891        1948
7883879        81363       2001   87.267728        1914
7887239        80878       2009   69.498881        1940
7891310        80880       2006   49.828063        1957
7903046        79061       2006   66.505503        1940
7904810        80319       2009   43.480238        1966
7919306        80536       2007   70.438951        1937
7922042        81651       2001   62.546775        1939
7932317        81660       2005   49.967693        1956
7938677        80970       2008   83.072627        1925
7941641        80983       2003   78.465611        1925
7948901        80260       2007   43.582582        1964
7950890        73758       2009   55.209776        1954
7951961        81025       2008   43.929002        1965
7952471        74316       2009   87.673127        1922
7968821        81049       2008   35.806123        1973
7971341        82030       2011   70.418884        1941
7978541        81449       2006   83.430400        1923
7979477        81122       2006   44.241708        1962
7984790        81927       2005   77.737591        1928
7986176        81958       2004   56.277145        1948
7995032        77947       2002   65.615520        1937
7998758        74353       2001   47.694324        1954
8001614        81233       2005   66.942120        1939
8003966        82036       2006   66.484778        1940
8007098        81270       2006   55.534825        1951
8052764        80342       2006   45.804315        1961
8064425        74185       2007   67.868800        1940
8069726        84734       2004   68.918933        1936
8073518        85769       2008   51.135495        1957
8092706        84610       2010   53.755387        1957
8098178        84615       2001   75.560431        1926
8111534        84749       2007   63.533179        1944
8112374        79423       2008   56.730199        1952
8117342        84531       2005   62.434528        1943
8120942        85797       2011   88.393582        1923
8121644        84817       2011   46.130739        1965
8123399        85845       2001   71.114013        1930
8127581        85255       2008   71.001529        1937
8138237        85851       2002   73.227361        1929
8142137        84467       2008   61.400295        1947
8143307        80111       2009   81.024942        1928
8144807        80121       2005   69.602618        1936
8151611        85258       2004   40.854450        1964
8159468        85327       2003   54.304030        1949
8166200        86648       2010   80.748154        1930
8167949        77781       2005   68.155613        1937
8175629        85479       2011   67.041766        1944
8178317        85489       2001   58.150095        1943
8199842        86618       2002   43.633964        1959
8200886        85962       2011   80.006815        1931
8204828        85974       2009   62.260117        1947
8217860        86294       2002   30.009818        1972
8222600        79596       2011   74.818940        1937
8291372        78481       2001   68.010844        1933
8298269        78481       2001   68.438637        1933
8301290        85639       2005   50.587021        1955
8308232        85700       2010   59.195467        1951
8309492        85704       2011   87.982433        1924
8325332        86314       2008   67.790539        1941
8336024        79617       2010   57.951703        1953
8338112        78076       2002   70.577668        1932
8340047        85669       2009   43.528395        1966
8344151        86317       2008   83.450698        1925
8348711        79294       2009   54.747488        1955
8350979        78306       2008   87.533114        1921
8405891        78518       2009   79.880482        1930
8420855        86041       2004   79.587440        1925
8610800        91031       2007   68.290693        1939
8617424        83255       2008   83.727727        1925
8623256        83261       2011   70.678793        1941
8630096        89927       2009   85.545137        1924
8632160        90430       2007   63.942067        1944
8639024        90720       2003   85.988886        1918
8639609        83345       2007   59.955070        1948
8647529        83937       2009   28.139163        1981
8650337        89765       2010   71.949097        1939
8655287        90780       2006   61.706135        1945
8661923        83389       2011   41.594675        1970
8695778        83728       2005   54.758171        1951
8697263        90805       2010   49.238009        1961
8705471        84042       2007   64.131453        1943
8707517        83467       2001   60.524040        1941
8713493        82702       2001   51.256235        1950
8738009        82609       2003   56.445283        1947
8739134        82104       2009   72.479702        1937
8749664        90208       2008   76.447769        1932
8751908        90258       2001   83.987418        1918
8764457        83818       2006   60.326677        1946
8764997        82935       2009   23.134973        1986
8781629        82938       2005   70.757377        1935
8783045        82973       2001   65.301869        1936
8786405        83566       2004   80.184966        1924
8868770        90658       2009   34.192737        1975
8893340        83607       2008   48.659304        1960
8900687        82159       2001   82.224856        1919
8911127        90392       2008   52.841189        1956
8914889        83879       2001   58.787828        1943
8919479        89736       2005   24.860207        1981
8922818        83222       2011   67.806660        1944
8924078        88064       2001   85.503149        1916
8926067        88106       2007   67.098222        1940
8933123        88112       2003   82.375831        1921
8944898        88429       2007   61.814060        1946
8945297        94254       2010   76.674426        1934
8951876        89157       2011   51.306978        1960
8961536        89688       2002   56.477688        1946
8971904        89900       2002   69.219614        1933
8973698        87410       2011   42.739764        1969
8977424        94452       2005   80.666589        1925
8984606        89446       2006   72.619525        1934
8988089        89449       2011   63.053978        1948
8994464        87203       2009   86.722319        1923
8996372        91197       2011   67.763462        1944
9004112        87291       2010   78.842720        1932
9009194        86782       2004   52.684727        1952
9012614        87595       2003   76.968763        1927
9094154        87692       2006   45.982673        1961
9098753        86810       2002   70.052460        1932
9112766        90878       2008   57.159608        1951
9133514        88265       2002   63.077773        1939
9139454        90628       2010   51.938068        1959
9174698        87675       2001   64.637966        1937
9183914        86824       2011   51.375935        1960
9198755        88308       2009   66.615589        1943
9220985        93610       2009   85.849333        1924
9222815        91167       2007   22.596955        1985
9226559        87868       2005   66.202327        1939
9233639        89091       2001   83.685611        1918
9258191        87869       2005   42.853194        1963
9259211        87918       2009   55.803747        1954
9319547        88345       2011   78.903396        1933
9325106        88674       2006   46.109136        1960
9327860        88676       2001   69.214884        1932
9335384        94196       2009   78.536000        1931
9343880        89797       2007   66.130859        1941
9352790        93834       2003   85.189405        1918
9362795        93610       2009   85.996781        1924
9386969        91648       2009   71.358273        1938
9388943        91601       2008   85.969595        1923
9392471        95093       2006   76.904766        1930
9397889        91814       2009   84.009386        1925
9398369        91951       2010   24.170242        1986
9402074        91705       2007   72.155242        1935
9404144        93336       2002   67.239829        1935
9409112        94594       2006   83.535642        1923
9427928        91832       2005   71.470354        1934
9451298        93336       2002   66.703638        1936
9452990        94665       2004   52.824644        1952
9460946        94597       2008   76.704106        1932
9467084        92695       2006   50.897662        1956
9472895        94937       2001   68.438787        1933
9492173        93535       2010   84.159755        1926
9495536        92195       2002   87.722267        1915
9497594        94696       2002   68.674335        1934
9524684        92218       2005   62.103801        1943
9526844        92775       2005   78.293323        1927
9537128        93119       2007   73.167020        1934
9539270        93679       2005   84.716927        1921
9543185        92339       2009   84.978532        1925
9546317        92816       2009   50.229781        1959
9550295        93147       2011   48.903978        1963
9560195        94977       2011   64.028222        1947
9571427        93566       2003   33.036019        1970
9592487        92455       2003   74.095611        1929
9594827        93970       2006   26.441867        1980
9602327        99085       2004   39.848380        1965
9629942        98220       2008   70.046760        1938
9635180        98220       2008   69.782611        1939
9636320        98554       2003   45.940336        1958
9640256        98555       2007   51.365683        1956
9646262        98558       2003   69.236759        1934
9672092        99383       2004   28.303862        1976
9677708        95925       2007   37.605130        1970
9716891        95929       2010   64.778284        1946
9719228        96151       2002   65.879038        1937
9729923        98593       2011   61.268151        1950
9732419        98605       2008   53.963286        1955
9734993        99384       2002   85.772384        1917
9738053        98656       2007   68.019978        1939
9743048        95767       2009   75.657127        1934
9744764        98797       2004   87.993269        1917
9751181        99178       2001   69.216266        1932
9759506        99461       2007   87.807080        1920
9762338        91572       2008   79.768496        1929
9764474        99503       2003   74.402234        1929
9766826        98944       2004   47.537278        1957
9769121        98309       2002   72.187597        1930
9799256        98342       2004   63.449981        1941
9799289        96632       2009   88.080521        1921
9804239        99231       2006   52.559296        1954
9805679        97786       2003   40.933968        1963
9811286        98969       2010   37.588107        1973
9821816        98169       2010   68.179281        1942
9827000        98169       2010   68.258170        1942
9832400        96686       2002   41.519825        1961
9838232        99561       2005   88.031875        1917
9842180        96719       2011   67.650965        1944
9842789        97923       2006   74.560662        1932
9845492        97353       2003   83.733460        1920
9855026        96234       2002   60.803433        1942
9856994        96040       2007   56.062292        1951
9858830        96066       2005   57.380461        1948
9883394        96240       2001   53.230379        1948
9886436        95631       2008   65.575811        1943
9898910        97524       2008   52.230842        1956
9901136        95895       2003   27.293426        1976
9906260        96145       2001   75.784877        1926
9907916        97229       2004   86.736526        1918
9919226        97598       2002   54.707971        1948
9961130        97158       2007   60.696926        1947
9971405        27367       2012   80.689795        1932
9972845        65733       2008   71.927524        1937
9974627        46693       2002   32.635520        1970
9988487        44437       2011   51.912438        1960
10008584       83908       2002   70.747331        1932
10047344       69141       2010   67.913720        1943